image_width: 1280
image_height: 960
camera_name: camerav2_1280x960
camera_matrix:
  rows: 3
  cols: 3
  data: [982.27789,   0.     , 648.79732,
           0.     , 986.52735, 492.10194,
           0.     ,   0.     ,   1.     ]
distortion_model: plumb_bob
distortion_coefficients:
  rows: 1
  cols: 5
  data: [0.105212, -0.227404, 0.003963, 0.003488, 0.000000]
rectification_matrix:
  rows: 3
  cols: 3
  data: [1., 0., 0.,
         0., 1., 0.,
         0., 0., 1.]
projection_matrix:
  rows: 3
  cols: 4
  data: [984.87537,   0.     , 653.69006,   0.     ,
           0.     , 998.12726, 494.50605,   0.     ,
           0.     ,   0.     ,   1.     ,   0.     ]
