# oST version 5.0 parameters


[image]

width
1280

height
960

[narrow_stereo]

camera matrix
982.277887 0.000000 648.797317
0.000000 986.527345 492.101938
0.000000 0.000000 1.000000

distortion
0.105212 -0.227404 0.003963 0.003488 0.000000

rectification
1.000000 0.000000 0.000000
0.000000 1.000000 0.000000
0.000000 0.000000 1.000000

projection
984.875366 0.000000 653.690060 0.000000
0.000000 998.127258 494.506047 0.000000
0.000000 0.000000 1.000000 0.000000
